Preamble: 10 entries
2.0
0.0
1200.0
1.0
2e-06
-0.000164
0.0
0.04
-75.0
127.0
Data: 1200 entries in volts
-0.04
0.08
0.08
-0.00
0.08
-0.00
0.08
-0.00
0.08
-0.00
0.04
0.08
-0.12
0.12
0.08
-0.00
0.08
-0.00
0.08
-0.00
0.08
0.04
0.08
-0.00
0.08
0.04
0.04
0.08
0.08
0.04
0.08
0.04
0.08
-0.00
0.08
-0.00
-0.16
0.12
0.08
-0.08
0.08
0.04
0.08
-0.00
0.08
-0.00
0.08
-0.00
0.08
0.04
-0.00
0.08
0.08
-0.00
0.08
-0.00
0.08
-0.00
0.08
-0.00
0.12
-0.12
0.08
-0.00
0.08
-0.00
0.08
-0.00
0.08
-0.00
0.08
0.04
0.08
-0.00
-0.16
0.12
-0.00
0.20
0.04
0.24
0.08
0.32
0.36
0.16
0.44
0.20
0.48
0.28
0.52
0.28
0.40
0.56
0.44
0.64
0.48
0.68
0.56
0.72
0.60
0.80
0.64
0.84
0.68
0.88
0.76
0.92
0.80
1.00
0.84
1.08
0.88
1.08
0.96
1.12
1.00
1.16
1.04
1.24
1.08
1.28
1.16
1.32
1.20
1.36
1.24
1.44
1.28
1.48
1.48
1.36
1.52
1.40
1.56
1.36
1.44
1.64
1.48
1.68
1.52
1.72
1.72
1.60
1.76
1.64
1.84
1.68
1.68
1.88
1.88
1.72
1.92
1.80
1.96
1.84
1.84
2.04
2.08
1.84
2.08
1.96
2.12
2.00
2.00
2.16
2.16
2.04
2.24
2.08
2.08
2.28
2.28
2.12
2.32
2.20
2.20
2.36
2.36
2.24
2.32
2.44
2.28
2.48
2.48
2.32
2.32
2.52
2.52
2.40
2.56
2.44
2.56
2.44
2.64
2.48
2.68
2.56
2.68
2.52
2.72
2.60
2.72
2.60
2.80
2.60
2.76
2.64
2.84
2.68
2.84
2.68
2.76
2.88
2.88
2.72
2.92
2.80
2.92
2.80
2.96
2.84
2.96
2.84
3.04
2.88
2.88
3.04
3.08
2.84
2.92
3.08
3.04
3.12
3.12
3.00
3.08
3.16
3.16
3.04
3.12
3.16
3.24
3.08
3.08
3.24
3.16
3.28
3.28
3.12
3.24
3.28
3.12
3.36
3.20
3.32
3.36
3.24
3.36
3.24
3.32
3.36
3.28
3.44
3.28
3.44
3.44
3.32
3.32
3.48
3.32
3.48
3.40
3.52
3.40
3.52
3.60
3.36
3.56
3.44
3.56
3.44
3.52
3.56
3.60
3.48
3.48
3.64
3.60
3.64
3.52
3.68
3.68
3.52
3.68
3.56
3.68
3.60
3.60
3.72
3.52
3.76
3.68
3.72
3.64
3.76
3.76
3.64
3.76
3.72
3.80
3.68
3.68
3.84
3.84
3.68
3.80
3.84
3.72
3.88
3.88
3.72
3.84
3.88
3.72
3.92
3.80
3.92
3.92
3.80
3.92
3.88
3.92
3.84
3.96
3.84
3.96
3.84
3.96
3.92
3.96
3.92
3.88
4.04
3.88
4.04
4.00
4.04
3.84
4.12
3.92
4.04
4.08
3.92
4.08
3.96
4.04
4.08
4.08
4.00
4.00
4.12
4.12
4.00
4.08
4.12
4.12
4.08
4.12
4.04
4.04
4.16
4.20
4.00
4.16
4.12
4.16
4.12
4.16
4.08
4.08
4.20
4.08
4.20
4.08
4.24
4.20
4.20
4.24
4.16
4.12
4.24
4.28
4.12
4.28
4.12
4.32
4.16
4.28
4.24
4.24
4.28
4.20
4.32
4.20
4.32
4.20
4.32
4.32
4.28
4.32
4.28
4.28
4.32
4.24
4.36
4.24
4.36
4.20
4.40
4.24
4.36
4.36
4.32
4.32
4.36
4.36
4.32
4.28
4.40
4.40
4.28
4.40
4.28
4.40
4.28
4.40
4.40
4.40
4.40
4.40
4.32
4.28
4.48
4.48
4.32
4.32
4.48
4.32
4.48
4.44
4.48
4.44
4.48
4.44
4.48
4.48
4.44
4.48
4.40
4.40
4.52
4.52
4.36
4.40
4.52
4.36
4.56
4.52
4.48
4.48
4.52
4.52
4.48
4.52
4.48
4.52
4.44
4.44
4.56
4.44
4.56
4.56
4.44
4.56
4.44
4.52
4.56
4.56
4.52
4.68
4.40
4.56
4.52
4.56
4.52
4.56
4.48
4.48
4.60
4.48
4.60
4.48
4.60
4.60
4.48
4.60
4.48
4.60
4.56
4.60
4.60
4.60
4.56
4.68
4.44
4.60
4.52
4.60
4.52
4.52
4.64
4.52
4.68
4.68
4.52
4.68
4.52
4.64
4.68
4.68
4.52
4.64
4.68
4.64
4.68
4.64
4.68
4.52
4.76
4.68
4.60
4.68
4.60
4.60
4.72
4.72
4.56
4.60
4.72
4.72
4.56
4.72
4.60
4.72
4.60
4.68
4.72
4.68
4.72
4.72
4.68
4.76
4.60
4.68
4.72
4.72
4.68
4.72
4.68
4.72
4.64
4.72
4.64
4.72
4.64
4.64
4.76
4.64
4.76
4.64
4.76
4.76
4.64
4.76
4.64
4.64
4.80
4.76
4.72
4.76
4.72
4.72
4.76
4.76
4.72
4.76
4.72
4.76
4.68
4.76
4.72
4.76
4.68
4.76
4.68
4.76
4.68
4.76
4.64
4.64
4.88
4.68
4.80
4.68
4.80
4.80
4.68
4.80
4.68
4.80
4.68
4.80
4.72
4.80
4.68
4.76
4.80
4.80
4.76
4.76
4.80
4.68
4.92
4.80
4.76
4.80
4.76
4.80
4.76
4.80
4.76
4.80
4.76
4.80
4.76
4.80
4.72
4.80
4.72
4.80
4.72
4.72
4.84
4.72
4.84
4.68
4.92
4.72
4.88
4.72
4.88
4.88
4.72
4.88
4.72
4.88
4.76
4.88
4.76
4.88
4.76
4.88
4.80
4.84
4.88
4.84
4.88
4.84
4.88
4.92
4.68
4.84
4.88
4.84
4.88
4.84
4.88
4.84
4.88
4.84
4.88
4.84
4.88
4.84
4.88
4.88
4.80
4.80
4.88
4.84
4.88
4.88
4.80
4.92
4.68
4.88
4.76
4.80
4.88
4.88
4.76
4.88
4.80
4.76
4.92
4.88
4.76
4.76
4.92
4.92
4.76
4.92
4.76
4.92
4.76
4.80
4.92
4.96
4.76
4.92
4.80
4.92
4.80
4.92
4.80
4.92
4.80
4.88
4.92
4.92
4.88
4.92
4.80
4.88
4.92
4.88
4.92
4.92
4.88
4.88
4.92
4.76
4.96
4.88
4.92
4.92
4.88
4.88
4.92
4.92
4.88
4.92
4.88
4.92
4.88
4.92
4.88
4.88
4.92
4.88
4.92
4.92
4.88
4.92
4.84
5.00
4.80
4.92
4.84
4.92
4.84
4.92
4.84
4.92
4.84
4.92
4.84
4.92
4.84
4.84
4.96
4.92
4.84
4.84
4.92
4.92
4.84
4.92
4.84
4.80
5.00
4.84
4.96
4.84
4.96
4.84
4.96
4.84
4.96
4.84
4.96
4.84
4.96
4.84
4.96
4.96
4.84
4.96
4.84
4.96
4.84
4.96
4.84
5.00
4.80
4.96
4.88
4.96
4.88
4.96
4.84
4.96
4.84
4.96
4.92
4.96
4.92
4.96
4.92
4.96
4.92
4.96
4.92
4.96
4.92
4.84
5.00
4.96
4.92
4.96
4.92
4.96
4.92
4.96
4.92
4.96
4.92
4.96
4.92
4.92
4.96
4.96
4.92
4.96
4.92
4.96
4.92
4.92
4.96
4.84
5.00
4.92
4.96
4.96
4.92
4.96
4.92
4.92
4.96
4.92
4.96
4.96
4.92
4.96
4.92
4.96
4.88
4.96
4.92
4.96
4.92
4.96
4.88
5.08
4.80
4.96
4.92
4.96
4.92
4.96
4.92
4.96
4.88
4.96
4.88
4.96
4.88
4.96
4.88
4.96
4.88
4.96
4.88
4.96
4.88
4.96
4.88
5.04
4.80
4.96
4.88
4.96
4.88
4.96
4.88
4.88
4.96
4.96
4.88
4.96
4.88
4.96
4.88
4.96
4.88
4.88
4.96
4.88
5.00
4.88
5.00
5.04
4.84
4.88
5.00
4.96
4.88
4.88
5.00
4.88
5.00
5.00
4.88
4.88
5.00
4.88
5.00
5.00
4.88
4.88
5.00
5.00
4.88
4.88
5.00
5.04
4.84
4.88
5.00
5.00
4.88
4.88
5.00
4.88
5.00
5.00
4.88
5.00
4.88
5.00
4.88
5.00
4.88
5.00
4.88
5.00
4.88
5.00
4.92
5.04
4.84
5.00
4.88
5.00
4.88
5.00
4.88
5.00
4.88
5.00
4.88
5.00
4.88
5.00
4.88
5.00
4.92
5.00
4.88
5.00
4.92
5.00
4.92
4.88
5.08
5.00
4.92
5.00
4.96
5.00
4.96
5.00
4.96
5.00
4.96
5.00
4.96
5.00
4.96
5.00
4.96
5.00
4.96
5.00
4.96
5.00
4.96
4.84
5.08
5.00
4.96
5.00
4.96
5.00
4.96
5.00
4.96
5.00
4.96
5.00
4.96
5.00
4.96
5.00
4.96
5.00
4.96
5.00
4.96
5.04
4.84
5.00
4.96
5.00
4.96
5.00
4.96
5.00
4.96
5.00
4.96
5.00
4.96
5.00
4.96
5.00
4.96
5.00
4.96
5.00
4.96
5.00
4.96
5.08
4.88
5.00
4.96
5.00
4.96
5.00
4.96
5.00
4.96
5.00
4.96
5.00
4.96
5.00
4.96
5.00
4.96
5.00
4.96
5.00
4.96
5.00
4.96
4.84
5.12
5.00
4.96
5.00
4.96
5.00
4.96
5.00
4.96
5.00
4.96
5.00
4.96
5.00
4.96
5.00
4.96
5.00
4.96
5.00
4.96
5.00
4.96
4.88
5.12
5.00
4.96
5.00
4.96
5.00
4.96
5.00
4.96
5.00
4.96
5.00
4.92
5.00
4.96
5.00
4.96
5.00
4.92
5.00
4.96
5.00
4.96
4.84
5.12
5.00
4.92
5.00
4.96
5.00
4.92
5.00
4.92
5.00
4.96
5.00
4.92
5.00
4.92
5.00
4.92
5.00
4.92
5.00
4.92
5.00
4.92
5.08
4.84
5.00
4.92
5.00
4.92
5.00
4.92
5.00
4.92
5.00
4.92
5.00
4.92
5.00
4.92
5.00
4.92
5.00
4.92
5.00
4.92
